


@position=63, 

@one=[[46, 53]], 

@two=[[[29, 31, 36, 52, 61, 63], [36, 38, 43, 47, 59, 63]]], 

@three=[[[12, 14, 19, 23, 35, 39, 44, 46], [14, 21, 37, 46], [19, 21, 26, 30, 42, 46, 51, 53], [35, 37, 42, 46, 58, 62], [44, 46, 51, 55], [46, 53], [19, 21, 26, 30, 42, 46, 51, 53], [21, 23, 28, 44, 53, 55], [26, 28, 33, 37, 49, 53, 58, 60], [30, 37, 53, 62], [42, 44, 49, 53], [46, 53]]], 

@four=[[[2, 6, 18, 22, 27, 29], [4, 20, 29, 31], [2, 4, 9, 13, 25, 29, 34, 36], [6, 13, 29, 38], [18, 20, 25, 29, 41, 45, 50, 52], [22, 29, 45, 54], [27, 29, 34, 38, 50, 54, 59, 61], [29, 31, 36, 52, 61, 63], [4, 20, 29, 31], [4, 6, 11, 15, 27, 31, 36, 38], [20, 22, 27, 31, 43, 47, 52, 54], [29, 31, 36, 52, 61, 63], [2, 4, 9, 13, 25, 29, 34, 36], [4, 6, 11, 15, 27, 31, 36, 38], [9, 11, 16, 20, 32, 36, 41, 43], [13, 15, 20, 36, 45, 47], [25, 27, 32, 36, 48, 52, 57, 59], [29, 31, 36, 52, 61, 63], [34, 36, 41, 45, 57, 61], [36, 38, 43, 47, 59, 63], [18, 20, 25, 29, 41, 45, 50, 52], [20, 22, 27, 31, 43, 47, 52, 54], [25, 27, 32, 36, 48, 52, 57, 59], [29, 31, 36, 52, 61, 63], [41, 43, 48, 52], [45, 47, 52], [27, 29, 34, 38, 50, 54, 59, 61], [29, 31, 36, 52, 61, 63], [34, 36, 41, 45, 57, 61], [38, 45, 61], [29, 31, 36, 52, 61, 63], [36, 38, 43, 47, 59, 63], [2, 4, 9, 13, 25, 29, 34, 36], [4, 6, 11, 15, 27, 31, 36, 38], [9, 11, 16, 20, 32, 36, 41, 43], [13, 15, 20, 36, 45, 47], [25, 27, 32, 36, 48, 52, 57, 59], [29, 31, 36, 52, 61, 63], [34, 36, 41, 45, 57, 61], [36, 38, 43, 47, 59, 63], [4, 6, 11, 15, 27, 31, 36, 38], [6, 13, 29, 38], [11, 13, 18, 22, 34, 38, 43, 45], [27, 29, 34, 38, 50, 54, 59, 61], [36, 38, 43, 47, 59, 63], [38, 45, 61], [9, 11, 16, 20, 32, 36, 41, 43], [11, 13, 18, 22, 34, 38, 43, 45], [16, 18, 27, 43, 48, 50], [20, 22, 27, 31, 43, 47, 52, 54], [32, 34, 43, 59], [36, 38, 43, 47, 59, 63], [41, 43, 48, 52], [43, 45, 50, 54], [13, 15, 20, 36, 45, 47], [20, 22, 27, 31, 43, 47, 52, 54], [36, 38, 43, 47, 59, 63], [45, 47, 52], [25, 27, 32, 36, 48, 52, 57, 59], [27, 29, 34, 38, 50, 54, 59, 61], [32, 34, 43, 59], [36, 38, 43, 47, 59, 63], [29, 31, 36, 52, 61, 63], [36, 38, 43, 47, 59, 63]]]



16 26 36 46 63


@position=16

@one=[[1, 10, 26, 33]], 

@two=[[[11, 16, 18], [0, 4, 16, 20, 25, 27], [9, 11, 16, 20, 32, 36, 41, 43], [16, 18, 27, 43, 48, 50]]], 

@three=[[[1, 5, 17, 21, 26, 28], [1, 10, 26, 33], [1, 3, 8, 12, 24, 28, 33, 35], [10, 17], [10, 14, 19, 21], [1, 10, 26, 33], [3, 5, 10, 14, 26, 30, 35, 37], [8, 10, 19, 35, 40, 42], [10, 12, 17, 21, 33, 37, 42, 44], [3, 19, 24, 26], [1, 5, 17, 21, 26, 28], [1, 10, 26, 33], [3, 5, 10, 14, 26, 30, 35, 37], [17, 26, 42, 49], [19, 21, 26, 30, 42, 46, 51, 53], [24, 26, 35, 51, 56, 58], [26, 28, 33, 37, 49, 53, 58, 60], [1, 10, 26, 33], [1, 3, 8, 12, 24, 28, 33, 35], [10, 12, 17, 21, 33, 37, 42, 44], [26, 28, 33, 37, 49, 53, 58, 60], [33, 42, 58], [33, 35, 40, 44, 56, 60]]], 

@four=[[[11, 16, 18], [11, 15, 20, 22], [0, 2, 11, 27, 32, 34], [4, 6, 11, 15, 27, 31, 36, 38], [9, 11, 16, 20, 32, 36, 41, 43], [11, 13, 18, 22, 34, 38, 43, 45], [11, 16, 18], [0, 4, 16, 20, 25, 27], [9, 11, 16, 20, 32, 36, 41, 43], [16, 18, 27, 43, 48, 50], [11, 16, 18], [9, 13, 18, 20], [2, 18, 25], [2, 6, 18, 22, 27, 29], [9, 18, 34, 41], [11, 13, 18, 22, 34, 38, 43, 45], [16, 18, 27, 43, 48, 50], [18, 20, 25, 29, 41, 45, 50, 52], [0, 4, 16, 20, 25, 27], [0, 2, 11, 27, 32, 34], [0, 4, 16, 20, 25, 27], [4, 20, 29, 31], [2, 4, 9, 13, 25, 29, 34, 36], [4, 6, 11, 15, 27, 31, 36, 38], [11, 16, 18], [0, 4, 16, 20, 25, 27], [9, 11, 16, 20, 32, 36, 41, 43], [16, 18, 27, 43, 48, 50], [9, 13, 18, 20], [11, 15, 20, 22], [0, 4, 16, 20, 25, 27], [4, 20, 29, 31], [9, 11, 16, 20, 32, 36, 41, 43], [13, 15, 20, 36, 45, 47], [18, 20, 25, 29, 41, 45, 50, 52], [20, 22, 27, 31, 43, 47, 52, 54], [2, 18, 25], [0, 4, 16, 20, 25, 27], [2, 4, 9, 13, 25, 29, 34, 36], [18, 20, 25, 29, 41, 45, 50, 52], [25, 34, 50, 57], [25, 27, 32, 36, 48, 52, 57, 59], [0, 4, 16, 20, 25, 27], [2, 6, 18, 22, 27, 29], [0, 2, 11, 27, 32, 34], [4, 6, 11, 15, 27, 31, 36, 38], [16, 18, 27, 43, 48, 50], [20, 22, 27, 31, 43, 47, 52, 54], [25, 27, 32, 36, 48, 52, 57, 59], [27, 29, 34, 38, 50, 54, 59, 61], [9, 13, 18, 20], [2, 4, 9, 13, 25, 29, 34, 36], [9, 18, 34, 41], [9, 11, 16, 20, 32, 36, 41, 43], [11, 16, 18], [11, 15, 20, 22], [0, 2, 11, 27, 32, 34], [4, 6, 11, 15, 27, 31, 36, 38], [9, 11, 16, 20, 32, 36, 41, 43], [11, 13, 18, 22, 34, 38, 43, 45], [11, 16, 18], [0, 4, 16, 20, 25, 27], [9, 11, 16, 20, 32, 36, 41, 43], [16, 18, 27, 43, 48, 50], [9, 13, 18, 20], [11, 15, 20, 22], [0, 4, 16, 20, 25, 27], [4, 20, 29, 31], [9, 11, 16, 20, 32, 36, 41, 43], [13, 15, 20, 36, 45, 47], [18, 20, 25, 29, 41, 45, 50, 52], [20, 22, 27, 31, 43, 47, 52, 54], [0, 2, 11, 27, 32, 34], [9, 11, 16, 20, 32, 36, 41, 43], [25, 27, 32, 36, 48, 52, 57, 59], [32, 34, 43, 59], [2, 4, 9, 13, 25, 29, 34, 36], [4, 6, 11, 15, 27, 31, 36, 38], [9, 11, 16, 20, 32, 36, 41, 43], [13, 15, 20, 36, 45, 47], [25, 27, 32, 36, 48, 52, 57, 59], [29, 31, 36, 52, 61, 63], [34, 36, 41, 45, 57, 61], [36, 38, 43, 47, 59, 63], [9, 18, 34, 41], [9, 11, 16, 20, 32, 36, 41, 43], [18, 20, 25, 29, 41, 45, 50, 52], [34, 36, 41, 45, 57, 61], [41, 50], [41, 43, 48, 52], [9, 11, 16, 20, 32, 36, 41, 43], [11, 13, 18, 22, 34, 38, 43, 45], [16, 18, 27, 43, 48, 50], [20, 22, 27, 31, 43, 47, 52, 54], [32, 34, 43, 59], [36, 38, 43, 47, 59, 63], [41, 43, 48, 52], [43, 45, 50, 54], [11, 16, 18], [0, 4, 16, 20, 25, 27], [9, 11, 16, 20, 32, 36, 41, 43], [16, 18, 27, 43, 48, 50], [11, 16, 18], [9, 13, 18, 20], [2, 18, 25], [2, 6, 18, 22, 27, 29], [9, 18, 34, 41], [11, 13, 18, 22, 34, 38, 43, 45], [16, 18, 27, 43, 48, 50], [18, 20, 25, 29, 41, 45, 50, 52], [0, 4, 16, 20, 25, 27], [2, 6, 18, 22, 27, 29], [0, 2, 11, 27, 32, 34], [4, 6, 11, 15, 27, 31, 36, 38], [16, 18, 27, 43, 48, 50], [20, 22, 27, 31, 43, 47, 52, 54], [25, 27, 32, 36, 48, 52, 57, 59], [27, 29, 34, 38, 50, 54, 59, 61], [9, 11, 16, 20, 32, 36, 41, 43], [11, 13, 18, 22, 34, 38, 43, 45], [16, 18, 27, 43, 48, 50], [20, 22, 27, 31, 43, 47, 52, 54], [32, 34, 43, 59], [36, 38, 43, 47, 59, 63], [41, 43, 48, 52], [43, 45, 50, 54], [16, 18, 27, 43, 48, 50], [25, 27, 32, 36, 48, 52, 57, 59], [41, 43, 48, 52], [16, 18, 27, 43, 48, 50], [18, 20, 25, 29, 41, 45, 50, 52], [25, 34, 50, 57], [27, 29, 34, 38, 50, 54, 59, 61], [41, 50], [43, 45, 50, 54]]],



@position=16 -> @one=[[1, 10, **26**, 33]] -> 
    @two=[[[11, 16, 18], [0, 4, 16, 20, 25, 27], [9, 11, 16, 20, 32, **36**, 41, 43], [16, 18, 27, 43, 48, 50]]] 
    @two=[[[29, 31, 36, 52, 61, 63], [36, 38, 43, 47, 59, 63]]], 
-> @one=[[**46**, 53]] -> @position=63
